00004029
00002133
00004147
00006161
00004201
00006234
00002297
00006284
00006293
00004325
00002359
00004353
00006365
00006372
00006373
00002443
00004437
00006475
00006482
00006513
00006527
00006602
00006612
00001295
00006686
00006750
00006752
00001377
00002839
00001485
00006870
00006901
00006935
00002917
00007038
00007052
00007085
00007098
00007108
00007118
00007120
00007143
00007164
00007169
00007213
00003199
00003217
00005540
00005615
00005616
00005617
00005622
00005641
00005642
00005663
00005672
00005676
00005712
00005719
00005726
00003713
00005727
00005742
00005752
00005784
00005806
00005832
00005844
00005846
00005872
00005878
00005881
00005888
00005899
00005927
00005941
00005962
00005971
00005978
00003979
00003983
