0:[0, 0, 0, 0, 0, 0, 0, 0, 0, 0, 0, 6, 22, 32, 34, 27, 33, 19, 8, 0, 70, 94, 82, 64, 39, 20, 74, 91, 86, 29, 75, 91, 45, 0, 0, 0, 0, 54, 89, 58, 90, 90, 43, 0, 0, 0, 0, 44, 83, 87, 98, 91, 43, 0, 0, 0, 0, 53, 89, 100, 68, 83, 79, 63, 39, 18, 53, 68, 69, 45, 0, 16, 14, 25, 69, 64, 68, 41, 16, 0, 0, 0, 0, 0, 0, 0, 0, 0, 0, 0, 0, 0, 0, 0, 0, 0, 0, 0, 0, 0]
1:[0, 0, 0, 0, 0, 0, 0, 0, 0, 0, 0, 0, 0, 0, 10, 9, 56, 60, 32, 29, 20, 21, 44, 47, 65, 64, 97, 100, 85, 84, 90, 88, 39, 40, 0, 0, 79, 80, 100, 100, 0, 0, 0, 0, 0, 0, 90, 90, 91, 90, 0, 0, 0, 0, 0, 0, 53, 55, 66, 63, 0, 0, 0, 0, 0, 0, 94, 95, 98, 97, 0, 0, 0, 0, 0, 0, 44, 45, 70, 70, 0, 0, 0, 0, 0, 0, 0, 0, 0, 0, 0, 0, 0, 0, 0, 0, 0, 0, 0, 0]
2:[0, 0, 0, 0, 0, 0, 0, 0, 0, 0, 0, 6, 40, 59, 59, 59, 60, 28, 8, 0, 70, 88, 90, 72, 21, 39, 79, 90, 92, 58, 40, 25, 9, 0, 0, 0, 0, 60, 94, 62, 0, 0, 0, 0, 2, 28, 65, 76, 70, 30, 0, 0, 9, 25, 57, 74, 40, 13, 0, 0, 40, 41, 75, 77, 41, 38, 40, 40, 40, 36, 44, 60, 68, 62, 42, 67, 51, 45, 46, 43, 0, 0, 0, 0, 0, 0, 0, 0, 0, 0, 0, 0, 0, 0, 0, 0, 0, 0, 0, 0]
3:[0, 0, 0, 0, 0, 0, 0, 0, 0, 0, 0, 6, 40, 53, 36, 55, 22, 5, 0, 0, 30, 77, 63, 39, 39, 38, 85, 83, 56, 0, 0, 0, 0, 5, 19, 9, 65, 66, 52, 0, 0, 0, 0, 15, 55, 37, 72, 76, 69, 28, 30, 29, 14, 0, 0, 0, 0, 44, 81, 100, 69, 71, 56, 39, 40, 39, 24, 65, 92, 70, 0, 16, 35, 51, 70, 70, 66, 39, 16, 0, 0, 0, 0, 0, 0, 0, 0, 0, 0, 0, 0, 0, 0, 0, 0, 0, 0, 0, 0, 0]
4:[0, 0, 0, 0, 0, 0, 11, 23, 0, 0, 0, 0, 0, 0, 5, 19, 41, 47, 0, 0, 0, 0, 0, 12, 61, 88, 90, 80, 0, 0, 0, 0, 53, 77, 53, 57, 100, 80, 0, 0, 30, 58, 57, 29, 7, 45, 91, 71, 0, 0, 99, 82, 71, 76, 80, 80, 85, 85, 76, 51, 20, 12, 10, 16, 19, 56, 90, 64, 19, 18, 0, 0, 0, 0, 0, 33, 60, 33, 0, 0, 0, 0, 0, 0, 0, 0, 0, 0, 0, 0, 0, 0, 0, 0, 0, 0, 0, 0, 0, 0]
5:[0, 0, 0, 0, 0, 0, 0, 0, 0, 0, 0, 47, 60, 60, 60, 60, 59, 57, 48, 0, 19, 66, 72, 58, 40, 39, 25, 20, 16, 0, 79, 90, 50, 24, 70, 68, 64, 37, 16, 0, 80, 71, 40, 18, 30, 29, 18, 57, 86, 64, 15, 15, 7, 0, 0, 0, 0, 53, 88, 78, 34, 78, 53, 24, 39, 19, 4, 60, 93, 63, 0, 16, 30, 44, 69, 64, 61, 36, 16, 0, 0, 0, 0, 0, 0, 0, 0, 0, 0, 0, 0, 0, 0, 0, 0, 0, 0, 0, 0, 0]
6:[0, 0, 0, 0, 0, 0, 0, 0, 0, 0, 0, 3, 23, 38, 59, 59, 60, 28, 4, 0, 9, 68, 85, 71, 21, 39, 40, 57, 72, 58, 83, 82, 42, 5, 20, 20, 20, 9, 0, 0, 100, 82, 74, 68, 80, 78, 59, 66, 67, 14, 100, 97, 55, 10, 0, 0, 0, 60, 98, 89, 20, 68, 50, 24, 40, 40, 40, 71, 89, 45, 0, 8, 42, 66, 70, 70, 70, 42, 16, 0, 0, 0, 0, 0, 0, 0, 0, 0, 0, 0, 0, 0, 0, 0, 0, 0, 0, 0, 0, 0]
7:[0, 0, 0, 0, 0, 0, 0, 0, 0, 0, 35, 35, 50, 60, 59, 58, 39, 48, 60, 58, 40, 40, 40, 40, 38, 19, 33, 71, 80, 20, 0, 0, 0, 0, 5, 65, 70, 41, 16, 0, 0, 0, 0, 22, 78, 72, 40, 12, 0, 0, 0, 0, 0, 25, 90, 98, 29, 0, 0, 0, 0, 0, 54, 88, 94, 17, 6, 0, 0, 0, 0, 0, 27, 51, 69, 0, 0, 0, 0, 0, 0, 0, 0, 0, 0, 0, 0, 0, 0, 0, 0, 0, 0, 0, 0, 0, 0, 0, 0, 0]
8:[0, 0, 0, 0, 0, 0, 0, 0, 0, 0, 0, 6, 40, 60, 60, 59, 38, 16, 8, 0, 70, 94, 70, 40, 40, 40, 26, 67, 94, 68, 89, 91, 52, 10, 10, 19, 20, 51, 83, 90, 15, 50, 52, 47, 68, 77, 80, 86, 79, 28, 80, 86, 44, 0, 0, 0, 0, 53, 90, 100, 64, 59, 41, 20, 21, 38, 40, 71, 94, 70, 0, 8, 26, 42, 64, 44, 46, 31, 16, 0, 0, 0, 0, 0, 0, 0, 0, 0, 0, 0, 0, 0, 0, 0, 0, 0, 0, 0, 0, 0]
9:[0, 0, 0, 0, 0, 0, 0, 0, 0, 0, 0, 6, 25, 39, 58, 33, 52, 28, 4, 0, 40, 81, 66, 39, 38, 20, 34, 52, 63, 68, 84, 50, 19, 0, 0, 0, 7, 59, 98, 100, 29, 64, 65, 54, 56, 77, 72, 85, 95, 79, 0, 0, 18, 30, 30, 28, 8, 45, 80, 100, 29, 60, 44, 24, 39, 18, 61, 72, 67, 20, 0, 8, 36, 57, 69, 63, 45, 26, 16, 0, 0, 0, 3, 4, 0, 0, 0, 0, 0, 0, 0, 0, 0, 0, 0, 0, 0, 0, 0, 0]
a:[0, 0, 0, 0, 0, 0, 0, 0, 0, 0, 0, 0, 0, 0, 0, 0, 0, 0, 0, 0, 0, 0, 6, 12, 19, 10, 10, 15, 16, 0, 20, 58, 54, 57, 88, 73, 75, 85, 89, 40, 30, 52, 44, 30, 31, 38, 63, 72, 80, 90, 54, 67, 74, 80, 78, 14, 15, 62, 92, 63, 59, 72, 54, 39, 39, 20, 35, 53, 66, 97, 10, 53, 68, 70, 69, 62, 31, 31, 42, 45, 0, 0, 0, 0, 0, 0, 0, 0, 0, 0, 0, 0, 0, 0, 0, 0, 0, 0, 0, 0]
b:[0, 0, 0, 0, 0, 0, 0, 0, 0, 0, 35, 53, 28, 0, 0, 0, 0, 0, 0, 0, 100, 88, 42, 5, 20, 20, 20, 9, 0, 0, 100, 100, 75, 63, 90, 87, 90, 75, 60, 18, 80, 94, 54, 11, 0, 0, 23, 56, 80, 90, 98, 91, 43, 0, 0, 0, 0, 31, 58, 63, 84, 90, 79, 59, 21, 35, 77, 94, 92, 67, 65, 69, 37, 23, 65, 70, 70, 42, 16, 0, 0, 0, 0, 0, 0, 0, 0, 0, 0, 0, 0, 0, 0, 0, 0, 0, 0, 0, 0, 0]
c:[0, 0, 0, 0, 0, 0, 0, 0, 0, 0, 0, 0, 0, 0, 0, 0, 0, 0, 0, 0, 0, 0, 2, 20, 20, 20, 20, 4, 0, 0, 10, 43, 69, 99, 83, 90, 88, 70, 56, 40, 79, 74, 72, 28, 6, 0, 0, 26, 30, 30, 79, 88, 89, 0, 0, 3, 13, 2, 0, 0, 9, 53, 81, 86, 48, 42, 46, 80, 90, 89, 0, 6, 21, 70, 49, 51, 69, 50, 34, 20, 0, 0, 0, 0, 0, 0, 0, 0, 0, 0, 0, 0, 0, 0, 0, 0, 0, 0, 0, 0]
d:[0, 0, 0, 0, 0, 0, 0, 0, 0, 0, 0, 0, 0, 0, 0, 0, 22, 46, 60, 57, 0, 0, 12, 17, 10, 19, 4, 28, 58, 79, 20, 58, 88, 86, 48, 81, 53, 64, 83, 81, 100, 100, 58, 23, 0, 0, 23, 67, 96, 79, 88, 81, 39, 0, 0, 0, 0, 60, 99, 100, 63, 78, 89, 74, 40, 37, 53, 63, 76, 78, 0, 16, 50, 70, 70, 67, 18, 40, 70, 69, 0, 0, 0, 0, 0, 0, 0, 0, 0, 0, 0, 0, 0, 0, 0, 0, 0, 0, 0, 0]
e:[0, 0, 0, 0, 0, 0, 0, 0, 0, 0, 0, 0, 0, 0, 0, 0, 0, 0, 0, 0, 0, 0, 6, 10, 15, 20, 20, 12, 0, 0, 0, 34, 73, 81, 82, 78, 74, 80, 58, 0, 40, 75, 62, 46, 29, 30, 47, 70, 94, 72, 50, 92, 75, 43, 39, 67, 63, 55, 39, 78, 34, 73, 91, 80, 32, 38, 40, 45, 59, 57, 30, 13, 33, 58, 64, 45, 36, 13, 0, 0, 0, 0, 0, 0, 0, 0, 0, 0, 0, 0, 0, 0, 0, 0, 0, 0, 0, 0, 0, 0]
f:[0, 0, 0, 0, 0, 0, 0, 0, 0, 0, 0, 0, 0, 36, 60, 60, 60, 60, 59, 58, 20, 40, 70, 85, 96, 59, 56, 50, 30, 20, 90, 94, 100, 100, 95, 83, 81, 74, 27, 0, 0, 32, 80, 93, 100, 0, 0, 0, 0, 0, 0, 18, 45, 71, 89, 0, 0, 0, 0, 0, 0, 28, 70, 79, 95, 0, 0, 0, 0, 0, 0, 28, 70, 54, 44, 0, 0, 0, 0, 0, 0, 0, 0, 0, 0, 0, 0, 0, 0, 0, 0, 0, 0, 0, 0, 0, 0, 0, 0, 0]
g:[0, 0, 0, 0, 0, 0, 0, 0, 0, 0, 0, 3, 17, 30, 29, 29, 30, 14, 4, 0, 30, 44, 25, 2, 11, 19, 20, 30, 34, 9, 44, 72, 53, 29, 42, 0, 34, 71, 97, 80, 64, 82, 56, 23, 16, 37, 51, 79, 96, 79, 30, 30, 14, 3, 15, 14, 4, 60, 100, 100, 64, 83, 65, 44, 40, 37, 77, 91, 88, 38, 0, 16, 47, 66, 70, 69, 51, 55, 58, 49, 50, 49, 32, 18, 1, 21, 5, 14, 30, 30, 4, 23, 16, 10, 28, 28, 27, 14, 0, 0]
h:[0, 0, 0, 0, 0, 0, 0, 0, 0, 0, 60, 60, 29, 0, 0, 0, 0, 0, 0, 0, 100, 100, 50, 5, 19, 0, 15, 20, 16, 0, 98, 93, 61, 47, 86, 56, 82, 95, 82, 9, 100, 90, 49, 11, 0, 0, 11, 51, 84, 87, 99, 82, 39, 0, 0, 0, 0, 44, 80, 100, 100, 83, 38, 0, 0, 0, 0, 35, 66, 100, 69, 51, 21, 0, 0, 0, 0, 19, 44, 70, 0, 0, 0, 0, 0, 0, 0, 0, 0, 0, 0, 0, 0, 0, 0, 0, 0, 0, 0, 0]
i:[0, 0, 0, 0, 0, 0, 0, 0, 0, 0, 60, 60, 60, 60, 59, 59, 60, 60, 60, 58, 50, 50, 50, 50, 49, 39, 40, 40, 40, 39, 85, 85, 85, 85, 85, 92, 95, 95, 95, 94, 100, 100, 100, 100, 96, 43, 45, 45, 45, 43, 80, 80, 80, 80, 78, 86, 90, 90, 90, 89, 80, 80, 80, 80, 77, 90, 95, 95, 95, 93, 70, 70, 70, 70, 69, 70, 70, 70, 70, 70, 0, 0, 0, 0, 0, 0, 0, 0, 0, 0, 0, 0, 0, 0, 0, 0, 0, 0, 0, 0]
I:[0, 0, 0, 0, 0, 0, 0, 0, 0, 0, 60, 60, 60, 60, 60, 60, 60, 60, 60, 58, 75, 75, 75, 75, 75, 97, 100, 100, 100, 100, 85, 85, 85, 85, 81, 88, 95, 95, 95, 95, 100, 100, 100, 100, 97, 67, 70, 70, 70, 66, 90, 90, 90, 90, 88, 75, 80, 80, 80, 79, 80, 80, 80, 80, 78, 60, 65, 65, 65, 62, 40, 40, 40, 40, 42, 62, 65, 65, 65, 63, 0, 0, 0, 0, 0, 0, 0, 0, 0, 0, 0, 0, 0, 0, 0, 0, 0, 0, 0, 0]
k:[0, 0, 0, 0, 0, 0, 0, 0, 0, 0, 35, 35, 17, 0, 0, 0, 0, 0, 0, 0, 100, 73, 30, 0, 0, 0, 15, 20, 18, 9, 93, 70, 33, 5, 21, 40, 70, 76, 76, 19, 90, 87, 79, 79, 95, 56, 35, 12, 0, 0, 99, 72, 47, 32, 57, 86, 45, 12, 0, 0, 69, 72, 38, 0, 5, 61, 75, 49, 16, 0, 60, 67, 32, 0, 0, 0, 51, 63, 58, 29, 0, 0, 0, 0, 0, 0, 0, 0, 0, 0, 0, 0, 0, 0, 0, 0, 0, 0, 0, 0]
m:[0, 0, 0, 0, 0, 0, 0, 0, 0, 0, 0, 0, 0, 0, 0, 0, 0, 0, 0, 0, 12, 14, 6, 16, 19, 0, 7, 20, 20, 2, 84, 85, 65, 64, 53, 25, 67, 86, 86, 61, 90, 60, 12, 0, 70, 69, 8, 0, 69, 62, 79, 54, 0, 0, 88, 66, 0, 0, 69, 80, 100, 70, 0, 0, 74, 85, 0, 0, 68, 50, 70, 47, 0, 0, 54, 17, 0, 0, 46, 35, 0, 0, 0, 0, 0, 0, 0, 0, 0, 0, 0, 0, 0, 0, 0, 0, 0, 0, 0, 0]
n:[0, 0, 0, 0, 0, 0, 0, 0, 0, 0, 0, 0, 0, 0, 0, 0, 0, 0, 0, 0, 20, 20, 7, 8, 19, 10, 17, 17, 8, 0, 100, 97, 75, 56, 77, 73, 83, 89, 69, 9, 100, 98, 51, 17, 0, 0, 16, 68, 80, 29, 99, 91, 34, 0, 0, 0, 14, 59, 64, 63, 79, 89, 37, 0, 0, 0, 10, 43, 70, 58, 70, 68, 26, 0, 0, 0, 13, 38, 47, 35, 0, 23, 13, 0, 0, 0, 0, 0, 0, 0, 0, 0, 0, 0, 0, 0, 0, 0, 0, 0]
o:[0, 0, 0, 0, 0, 0, 0, 0, 0, 0, 0, 0, 0, 0, 0, 0, 0, 0, 0, 0, 0, 0, 6, 16, 20, 20, 16, 4, 0, 0, 9, 57, 73, 68, 79, 87, 86, 62, 38, 9, 89, 63, 32, 5, 0, 7, 31, 66, 93, 40, 80, 91, 38, 0, 0, 0, 20, 73, 79, 13, 69, 76, 84, 64, 39, 47, 76, 78, 74, 32, 0, 8, 33, 60, 70, 69, 39, 10, 8, 0, 0, 0, 0, 0, 0, 0, 0, 0, 6, 26, 0, 0, 0, 0, 0, 0, 0, 0, 0, 0]
p:[0, 0, 0, 0, 0, 0, 0, 0, 0, 0, 0, 0, 0, 0, 0, 0, 0, 0, 0, 0, 0, 7, 5, 5, 19, 10, 10, 4, 0, 0, 64, 74, 74, 67, 87, 47, 71, 70, 60, 18, 90, 94, 57, 23, 0, 0, 11, 51, 82, 79, 80, 65, 31, 0, 0, 0, 0, 40, 70, 89, 99, 92, 67, 42, 39, 18, 61, 82, 89, 63, 100, 100, 55, 19, 46, 63, 65, 38, 16, 0, 54, 72, 38, 0, 0, 0, 0, 0, 0, 0, 60, 41, 16, 0, 0, 0, 0, 0, 0, 0]
q:[0, 0, 0, 0, 0, 0, 0, 0, 0, 0, 0, 0, 0, 0, 0, 0, 0, 0, 0, 0, 0, 0, 12, 17, 10, 19, 4, 5, 13, 19, 20, 50, 86, 90, 75, 83, 72, 76, 85, 94, 55, 72, 49, 23, 0, 0, 23, 56, 78, 77, 78, 67, 32, 0, 0, 0, 0, 38, 70, 89, 68, 86, 77, 55, 39, 18, 73, 90, 90, 78, 0, 16, 50, 64, 46, 61, 31, 68, 100, 99, 0, 0, 0, 0, 0, 0, 0, 60, 94, 80, 0, 0, 0, 0, 0, 0, 0, 20, 41, 57]
r:[0, 0, 0, 0, 0, 0, 0, 0, 0, 0, 0, 0, 0, 0, 0, 0, 0, 0, 0, 0, 0, 1, 10, 10, 0, 0, 18, 20, 20, 19, 65, 63, 78, 77, 70, 66, 65, 65, 90, 89, 80, 80, 90, 87, 30, 30, 3, 0, 0, 0, 90, 86, 76, 80, 0, 0, 0, 0, 0, 0, 65, 63, 78, 80, 0, 0, 0, 0, 0, 0, 65, 65, 69, 70, 0, 0, 0, 0, 0, 0, 0, 0, 0, 0, 0, 0, 0, 0, 0, 0, 0, 0, 0, 0, 0, 0, 0, 0, 0, 0]
s:[0, 0, 0, 0, 0, 0, 0, 0, 0, 0, 0, 0, 0, 0, 0, 0, 0, 0, 0, 0, 0, 5, 16, 20, 20, 20, 20, 20, 13, 0, 34, 64, 83, 89, 90, 90, 89, 92, 87, 58, 39, 46, 40, 53, 37, 53, 55, 59, 61, 42, 15, 15, 32, 55, 72, 56, 65, 76, 76, 52, 75, 84, 70, 39, 40, 41, 68, 75, 82, 82, 20, 53, 69, 70, 70, 69, 51, 45, 31, 10, 0, 0, 0, 0, 0, 0, 0, 0, 0, 0, 0, 0, 0, 0, 0, 0, 0, 0, 0, 0]
t:[0, 0, 0, 0, 0, 0, 0, 0, 0, 0, 0, 0, 23, 36, 60, 60, 32, 14, 0, 0, 10, 15, 83, 98, 98, 79, 43, 30, 11, 9, 75, 76, 96, 100, 79, 78, 94, 87, 48, 44, 0, 2, 52, 68, 80, 80, 44, 20, 30, 27, 0, 5, 74, 90, 80, 79, 44, 19, 0, 0, 0, 5, 80, 100, 98, 78, 51, 44, 21, 18, 0, 3, 55, 70, 70, 69, 70, 70, 37, 34, 0, 0, 0, 0, 0, 0, 0, 0, 0, 0, 0, 0, 0, 0, 0, 0, 0, 0, 0, 0]
u:[0, 0, 0, 0, 0, 0, 0, 0, 0, 0, 0, 0, 0, 0, 0, 0, 0, 0, 0, 0, 20, 20, 10, 0, 0, 0, 0, 5, 11, 9, 99, 85, 40, 0, 0, 0, 0, 48, 78, 58, 64, 89, 50, 0, 0, 0, 0, 54, 93, 100, 69, 87, 49, 0, 0, 0, 0, 53, 89, 100, 98, 69, 40, 24, 40, 37, 77, 78, 76, 78, 19, 55, 52, 41, 47, 66, 33, 47, 70, 69, 0, 0, 0, 0, 0, 0, 0, 0, 0, 0, 0, 0, 0, 0, 0, 0, 0, 0, 0, 0]
v:[0, 0, 0, 0, 0, 0, 0, 0, 0, 0, 0, 0, 0, 0, 0, 0, 0, 0, 0, 0, 20, 20, 4, 0, 0, 0, 0, 5, 20, 19, 64, 70, 34, 7, 0, 0, 7, 33, 73, 64, 0, 69, 86, 35, 0, 0, 23, 63, 78, 0, 0, 23, 75, 77, 40, 27, 69, 77, 26, 0, 0, 0, 15, 71, 66, 56, 59, 14, 0, 0, 0, 0, 0, 14, 57, 59, 14, 0, 0, 0, 0, 0, 0, 0, 2, 3, 0, 0, 0, 0, 0, 0, 0, 0, 0, 0, 0, 0, 0, 0]
w:[0, 0, 0, 0, 0, 0, 0, 0, 0, 0, 0, 0, 0, 0, 0, 0, 0, 0, 0, 0, 20, 12, 0, 0, 3, 3, 0, 0, 10, 12, 99, 57, 0, 11, 64, 64, 12, 0, 53, 76, 42, 66, 12, 37, 56, 60, 38, 27, 73, 30, 23, 82, 36, 94, 53, 36, 90, 25, 67, 20, 0, 46, 67, 67, 0, 0, 85, 67, 40, 0, 0, 10, 49, 58, 0, 0, 60, 49, 5, 0, 0, 0, 0, 0, 0, 0, 0, 0, 0, 0, 0, 0, 0, 0, 0, 0, 0, 0, 0, 20]
x:[0, 0, 0, 0, 0, 0, 0, 0, 0, 0, 0, 0, 0, 0, 0, 0, 0, 0, 0, 0, 20, 20, 10, 0, 0, 0, 0, 11, 18, 9, 40, 80, 76, 50, 0, 0, 23, 70, 84, 19, 0, 10, 66, 84, 38, 0, 47, 41, 24, 0, 0, 0, 36, 56, 88, 75, 29, 7, 0, 0, 0, 47, 75, 66, 20, 19, 64, 74, 60, 0, 60, 67, 37, 8, 0, 0, 8, 41, 64, 58, 0, 0, 0, 0, 0, 0, 0, 0, 0, 0, 0, 0, 0, 0, 0, 0, 0, 0, 0, 0]
y:[0, 0, 0, 0, 0, 0, 0, 0, 0, 0, 0, 0, 0, 0, 0, 0, 0, 0, 0, 0, 20, 20, 4, 0, 0, 0, 0, 5, 19, 9, 88, 87, 40, 7, 0, 0, 3, 35, 94, 67, 0, 49, 81, 43, 7, 0, 26, 70, 89, 0, 0, 0, 31, 70, 54, 51, 80, 74, 26, 0, 0, 0, 0, 45, 58, 76, 84, 48, 0, 0, 0, 0, 0, 0, 57, 88, 54, 0, 0, 0, 0, 45, 50, 75, 82, 52, 6, 0, 0, 0, 0, 54, 60, 60, 32, 6, 0, 0, 0, 0]
z:[0, 0, 0, 0, 0, 0, 0, 0, 0, 0, 0, 0, 0, 0, 0, 0, 0, 0, 0, 0, 20, 20, 20, 17, 10, 19, 20, 14, 13, 19, 65, 84, 90, 78, 48, 84, 90, 87, 86, 99, 0, 0, 0, 4, 19, 52, 87, 73, 50, 30, 0, 22, 43, 61, 90, 74, 40, 13, 0, 0, 60, 66, 73, 70, 60, 39, 24, 30, 40, 36, 60, 60, 66, 70, 69, 45, 60, 66, 70, 68, 0, 0, 0, 0, 0, 0, 0, 0, 0, 0, 0, 0, 0, 0, 0, 0, 0, 0, 0, 0]
