01.jpg:[0, 0, 0, 0, 0, 0, 0, 0, 0, 0, 0, 6, 34, 54, 58, 7, 47, 28, 8, 0, 70, 94, 74, 52, 40, 40, 79, 90, 80, 0, 60, 92, 49, 0, 0, 0, 0, 60, 94, 62, 100, 100, 50, 0, 0, 0, 0, 60, 100, 100, 100, 100, 48, 0, 0, 0, 0, 60, 100, 100, 69, 88, 90, 74, 38, 0, 30, 71, 84, 20, 0, 16, 20, 32, 69, 59, 66, 42, 16, 0, 0, 0, 0, 0, 0, 0, 0, 0, 0, 0, 0, 0, 0, 0, 0, 0, 0, 0, 0, 0]
02.jpg:[0, 0, 0, 0, 0, 0, 0, 0, 0, 0, 0, 6, 10, 10, 11, 48, 19, 10, 8, 0, 70, 94, 91, 77, 38, 0, 69, 92, 92, 58, 90, 90, 42, 0, 0, 0, 0, 48, 84, 54, 80, 80, 37, 0, 0, 0, 0, 29, 66, 74, 97, 82, 39, 0, 0, 0, 0, 47, 79, 100, 67, 79, 68, 52, 40, 37, 77, 66, 54, 70, 0, 16, 9, 18, 70, 70, 70, 40, 16, 0, 0, 0, 0, 0, 0, 0, 0, 0, 0, 0, 0, 0, 0, 0, 0, 0, 0, 0, 0, 0]
11.jpg:[0, 0, 0, 0, 0, 0, 0, 0, 0, 0, 0, 0, 0, 1, 10, 9, 56, 60, 60, 58, 20, 20, 20, 22, 40, 40, 99, 100, 100, 100, 90, 88, 40, 40, 0, 0, 100, 100, 100, 100, 0, 0, 0, 0, 0, 0, 100, 100, 82, 80, 0, 0, 0, 0, 0, 0, 79, 80, 33, 27, 0, 0, 0, 0, 0, 0, 90, 90, 97, 95, 0, 0, 0, 0, 0, 0, 20, 20, 70, 70, 0, 0, 0, 0, 0, 0, 0, 0, 0, 0, 0, 0, 0, 0, 0, 0, 0, 0, 0, 0]
12.jpg:[0, 0, 0, 0, 0, 0, 0, 0, 0, 0, 0, 0, 0, 0, 10, 9, 56, 60, 4, 0, 20, 23, 69, 72, 90, 89, 96, 100, 71, 68, 90, 88, 39, 40, 0, 0, 59, 60, 100, 100, 0, 0, 0, 0, 0, 0, 80, 80, 100, 100, 0, 0, 0, 0, 0, 0, 28, 30, 100, 100, 0, 0, 0, 0, 0, 0, 98, 100, 100, 100, 0, 0, 0, 0, 0, 0, 69, 70, 70, 70, 0, 0, 0, 0, 0, 0, 0, 0, 0, 0, 0, 0, 0, 0, 0, 0, 0, 0, 0, 0]
21.jpg:[0, 0, 0, 0, 0, 0, 0, 0, 0, 0, 0, 6, 40, 60, 60, 60, 60, 28, 8, 0, 70, 82, 90, 78, 40, 40, 79, 90, 92, 58, 40, 10, 0, 0, 0, 0, 0, 60, 94, 62, 0, 0, 0, 0, 2, 28, 65, 76, 70, 30, 0, 0, 0, 22, 80, 73, 40, 13, 0, 0, 40, 73, 90, 75, 60, 40, 40, 40, 40, 36, 20, 58, 70, 58, 24, 67, 70, 70, 60, 18, 0, 0, 0, 0, 0, 0, 0, 0, 0, 0, 0, 0, 0, 0, 0, 0, 0, 0, 0, 0]
22.jpg:[0, 0, 0, 0, 0, 0, 0, 0, 0, 0, 0, 6, 40, 58, 59, 59, 60, 28, 8, 0, 70, 94, 91, 67, 3, 38, 79, 90, 92, 58, 40, 40, 18, 0, 0, 0, 0, 60, 94, 62, 0, 0, 0, 0, 2, 29, 65, 76, 70, 30, 0, 0, 18, 28, 35, 75, 40, 13, 0, 0, 40, 9, 60, 80, 22, 37, 40, 40, 40, 36, 69, 62, 66, 66, 60, 68, 33, 20, 33, 68, 0, 0, 0, 0, 0, 0, 0, 0, 0, 0, 0, 0, 0, 0, 0, 0, 0, 0, 0, 0]
31.jpg:[0, 0, 0, 0, 0, 0, 0, 0, 0, 0, 0, 6, 40, 46, 13, 53, 22, 5, 0, 0, 60, 84, 63, 39, 38, 37, 85, 83, 56, 0, 0, 0, 0, 5, 19, 0, 80, 66, 32, 0, 0, 0, 0, 24, 80, 0, 64, 76, 69, 28, 30, 30, 14, 0, 0, 0, 0, 29, 63, 100, 69, 88, 63, 39, 40, 40, 40, 70, 91, 70, 0, 16, 20, 32, 70, 70, 70, 42, 16, 0, 0, 0, 0, 0, 0, 0, 0, 0, 0, 0, 0, 0, 0, 0, 0, 0, 0, 0, 0, 0]
32.jpg:[0, 0, 0, 0, 0, 0, 0, 0, 0, 0, 0, 7, 40, 60, 60, 57, 22, 5, 0, 0, 0, 71, 63, 40, 40, 39, 85, 83, 56, 0, 0, 0, 0, 5, 20, 19, 51, 67, 72, 0, 0, 0, 0, 6, 31, 74, 80, 76, 70, 28, 30, 29, 14, 0, 0, 0, 0, 60, 100, 100, 69, 55, 49, 40, 40, 39, 9, 60, 94, 70, 0, 16, 50, 70, 70, 70, 62, 36, 16, 0, 0, 0, 0, 0, 0, 0, 0, 0, 0, 0, 0, 0, 0, 0, 0, 0, 0, 0, 0, 0]
41.jpg:[0, 0, 0, 0, 0, 0, 22, 46, 0, 0, 0, 0, 0, 0, 5, 32, 60, 47, 0, 0, 0, 0, 0, 12, 58, 88, 100, 80, 0, 0, 0, 0, 53, 76, 41, 49, 100, 80, 0, 0, 30, 65, 41, 11, 0, 50, 94, 64, 0, 0, 100, 100, 82, 80, 80, 83, 86, 79, 73, 24, 20, 20, 20, 20, 19, 56, 81, 47, 19, 17, 0, 0, 0, 0, 0, 33, 51, 13, 0, 0, 0, 0, 0, 0, 0, 0, 0, 0, 0, 0, 0, 0, 0, 0, 0, 0, 0, 0, 0, 0]
42.jpg:[0, 0, 0, 0, 0, 0, 0, 0, 0, 0, 0, 0, 0, 0, 5, 6, 23, 47, 0, 0, 0, 0, 0, 12, 64, 88, 80, 80, 0, 0, 0, 0, 53, 79, 66, 65, 100, 80, 0, 0, 30, 51, 74, 47, 15, 40, 88, 78, 0, 0, 99, 65, 60, 73, 80, 78, 85, 91, 80, 78, 20, 4, 0, 13, 19, 56, 100, 81, 20, 20, 0, 0, 0, 0, 0, 33, 70, 54, 0, 0, 0, 0, 0, 0, 0, 0, 0, 0, 0, 0, 0, 0, 0, 0, 0, 0, 0, 0, 0, 0]
51.jpg:[0, 0, 0, 0, 0, 0, 0, 0, 0, 0, 0, 47, 60, 60, 60, 60, 60, 56, 48, 0, 19, 81, 70, 40, 40, 40, 40, 18, 0, 0, 59, 80, 51, 31, 70, 70, 70, 41, 16, 0, 80, 62, 40, 30, 30, 30, 30, 55, 76, 54, 30, 30, 14, 0, 0, 0, 0, 47, 80, 78, 69, 88, 49, 10, 40, 39, 9, 60, 94, 70, 0, 16, 10, 18, 70, 70, 62, 36, 16, 0, 0, 0, 0, 0, 0, 0, 0, 0, 0, 0, 0, 0, 0, 0, 0, 0, 0, 0, 0, 0]
52.jpg:[0, 0, 0, 0, 0, 0, 0, 0, 0, 0, 0, 47, 60, 60, 60, 60, 58, 58, 48, 0, 20, 52, 75, 77, 40, 39, 10, 22, 32, 0, 100, 100, 49, 18, 70, 66, 59, 34, 16, 0, 80, 80, 40, 6, 30, 29, 7, 60, 96, 74, 0, 0, 0, 0, 0, 0, 0, 60, 96, 78, 0, 69, 58, 39, 38, 0, 0, 60, 92, 57, 0, 16, 50, 70, 69, 59, 60, 36, 16, 0, 0, 0, 0, 0, 0, 0, 0, 0, 0, 0, 0, 0, 0, 0, 0, 0, 0, 0, 0, 0]
61.jpg:[0, 0, 0, 0, 0, 0, 0, 0, 0, 0, 0, 7, 10, 18, 60, 60, 60, 28, 0, 0, 0, 80, 91, 75, 40, 40, 40, 48, 60, 58, 69, 79, 42, 5, 20, 20, 20, 9, 0, 0, 100, 82, 79, 76, 80, 80, 80, 76, 70, 28, 100, 97, 61, 21, 0, 0, 0, 60, 100, 100, 20, 55, 52, 39, 40, 40, 40, 71, 84, 20, 0, 0, 42, 70, 70, 70, 70, 42, 16, 0, 0, 0, 0, 0, 0, 0, 0, 0, 0, 0, 0, 0, 0, 0, 0, 0, 0, 0, 0, 0]
62.jpg:[0, 0, 0, 0, 0, 0, 0, 0, 0, 0, 0, 0, 36, 58, 59, 59, 60, 28, 8, 0, 19, 56, 79, 67, 3, 38, 40, 66, 84, 58, 97, 86, 42, 5, 20, 20, 20, 9, 0, 0, 100, 82, 70, 60, 80, 76, 39, 56, 64, 0, 100, 97, 50, 0, 0, 0, 0, 60, 96, 78, 20, 82, 49, 9, 40, 40, 40, 71, 94, 70, 0, 16, 43, 63, 70, 70, 70, 42, 16, 0, 0, 0, 0, 0, 0, 0, 0, 0, 0, 0, 0, 0, 0, 0, 0, 0, 0, 0, 0, 0]
71.jpg:[0, 0, 0, 0, 0, 0, 0, 0, 0, 0, 60, 60, 60, 60, 58, 59, 57, 60, 60, 58, 40, 40, 40, 40, 37, 0, 29, 76, 88, 40, 0, 0, 0, 0, 5, 65, 70, 51, 32, 0, 0, 0, 0, 22, 77, 91, 45, 12, 0, 0, 0, 0, 0, 28, 100, 98, 29, 0, 0, 0, 0, 0, 54, 88, 98, 18, 6, 0, 0, 0, 0, 0, 42, 70, 69, 0, 0, 0, 0, 0, 0, 0, 0, 0, 0, 0, 0, 0, 0, 0, 0, 0, 0, 0, 0, 0, 0, 0, 0, 0]
72.jpg:[0, 0, 0, 0, 0, 0, 0, 0, 0, 0, 10, 10, 40, 60, 60, 57, 22, 36, 60, 58, 40, 40, 40, 40, 40, 39, 37, 67, 72, 0, 0, 0, 0, 0, 5, 65, 70, 32, 0, 0, 0, 0, 0, 22, 79, 54, 35, 12, 0, 0, 0, 0, 0, 23, 80, 98, 29, 0, 0, 0, 0, 0, 54, 89, 91, 16, 6, 0, 0, 0, 0, 0, 12, 32, 69, 0, 0, 0, 0, 0, 0, 0, 0, 0, 0, 0, 0, 0, 0, 0, 0, 0, 0, 0, 0, 0, 0, 0, 0, 0]
81.jpg:[0, 0, 0, 0, 0, 0, 0, 0, 0, 0, 0, 6, 40, 60, 60, 60, 60, 28, 8, 0, 70, 94, 70, 40, 40, 40, 40, 74, 94, 68, 89, 91, 55, 15, 1, 18, 20, 59, 98, 90, 30, 80, 90, 71, 57, 75, 80, 92, 86, 28, 80, 92, 48, 0, 0, 0, 0, 60, 100, 100, 59, 30, 33, 40, 40, 40, 40, 71, 94, 70, 0, 0, 42, 70, 70, 68, 33, 20, 16, 0, 0, 0, 0, 0, 0, 0, 0, 0, 0, 0, 0, 0, 0, 0, 0, 0, 0, 0, 0, 0]
82.jpg:[0, 0, 0, 0, 0, 0, 0, 0, 0, 0, 0, 6, 40, 60, 60, 58, 17, 4, 8, 0, 70, 94, 70, 40, 40, 40, 12, 60, 94, 68, 89, 91, 50, 5, 20, 20, 20, 43, 68, 90, 0, 21, 14, 24, 80, 80, 80, 80, 72, 28, 80, 80, 40, 0, 0, 0, 0, 47, 81, 100, 69, 88, 50, 0, 3, 37, 40, 71, 94, 70, 0, 16, 10, 14, 59, 20, 59, 42, 16, 0, 0, 0, 0, 0, 0, 0, 0, 0, 0, 0, 0, 0, 0, 0, 0, 0, 0, 0, 0, 0]
91.jpg:[0, 0, 0, 0, 0, 0, 0, 0, 0, 0, 0, 7, 10, 18, 58, 59, 57, 29, 0, 0, 20, 74, 63, 38, 37, 0, 29, 31, 32, 68, 99, 40, 9, 0, 0, 0, 0, 60, 97, 100, 29, 64, 54, 30, 33, 77, 65, 79, 99, 100, 0, 0, 18, 30, 30, 28, 8, 31, 61, 100, 0, 42, 46, 39, 38, 0, 69, 68, 50, 20, 0, 0, 12, 32, 69, 57, 29, 18, 16, 0, 0, 0, 0, 0, 0, 0, 0, 0, 0, 0, 0, 0, 0, 0, 0, 0, 0, 0, 0, 0]
92.jpg:[0, 0, 0, 0, 0, 0, 0, 0, 0, 0, 0, 6, 40, 60, 58, 7, 47, 28, 8, 0, 60, 88, 70, 40, 40, 40, 40, 74, 94, 68, 70, 60, 30, 0, 0, 0, 15, 59, 100, 100, 29, 64, 76, 79, 80, 77, 79, 92, 92, 58, 0, 0, 18, 30, 30, 28, 8, 60, 100, 100, 59, 78, 43, 9, 40, 37, 54, 76, 84, 20, 0, 16, 61, 83, 70, 70, 62, 35, 16, 0, 0, 0, 6, 8, 0, 0, 0, 0, 0, 0, 0, 0, 0, 0, 0, 0, 0, 0, 0, 0]
a1.jpg:[0, 0, 0, 0, 0, 0, 0, 0, 0, 0, 0, 0, 0, 0, 0, 0, 0, 0, 0, 0, 0, 0, 12, 20, 20, 20, 20, 20, 16, 0, 20, 58, 76, 90, 90, 90, 90, 91, 84, 18, 30, 52, 44, 30, 30, 0, 47, 59, 65, 100, 79, 63, 70, 80, 79, 0, 0, 55, 98, 100, 19, 54, 51, 39, 38, 0, 30, 50, 60, 100, 0, 47, 66, 70, 69, 57, 29, 20, 33, 70, 0, 0, 0, 0, 0, 0, 0, 0, 0, 0, 0, 0, 0, 0, 0, 0, 0, 0, 0, 0]
a2.jpg:[0, 0, 0, 0, 0, 0, 0, 0, 0, 0, 0, 0, 0, 0, 0, 0, 0, 0, 0, 0, 0, 0, 0, 5, 19, 0, 0, 11, 16, 0, 20, 58, 33, 24, 86, 57, 60, 80, 94, 62, 30, 53, 44, 30, 33, 77, 80, 86, 96, 80, 29, 71, 79, 80, 78, 28, 30, 69, 86, 27, 99, 90, 58, 39, 40, 40, 40, 57, 73, 95, 20, 59, 70, 70, 70, 68, 33, 42, 52, 20, 0, 0, 0, 0, 0, 0, 0, 0, 0, 0, 0, 0, 0, 0, 0, 0, 0, 0, 0, 0]
b1.jpg:[0, 0, 0, 0, 0, 0, 0, 0, 0, 0, 60, 60, 29, 0, 0, 0, 0, 0, 0, 0, 100, 100, 50, 5, 20, 20, 20, 9, 0, 0, 100, 100, 78, 67, 90, 87, 90, 75, 60, 18, 60, 88, 58, 23, 0, 0, 23, 46, 64, 100, 100, 100, 48, 0, 0, 0, 0, 31, 63, 100, 70, 90, 69, 45, 3, 34, 77, 94, 91, 70, 60, 68, 32, 14, 60, 70, 70, 42, 16, 0, 0, 0, 0, 0, 0, 0, 0, 0, 0, 0, 0, 0, 0, 0, 0, 0, 0, 0, 0, 0]
b2.jpg:[0, 0, 0, 0, 0, 0, 0, 0, 0, 0, 10, 46, 27, 0, 0, 0, 0, 0, 0, 0, 100, 76, 35, 5, 20, 20, 20, 9, 0, 0, 100, 100, 72, 59, 90, 87, 90, 75, 60, 18, 100, 100, 50, 0, 0, 0, 23, 67, 96, 80, 97, 82, 39, 0, 0, 0, 0, 31, 54, 27, 98, 91, 89, 74, 40, 37, 77, 94, 94, 65, 70, 70, 43, 32, 70, 70, 70, 42, 16, 0, 0, 0, 0, 0, 0, 0, 0, 0, 0, 0, 0, 0, 0, 0, 0, 0, 0, 0, 0, 0]
c1.jpg:[0, 0, 0, 0, 0, 0, 0, 0, 0, 0, 0, 0, 0, 0, 0, 0, 0, 0, 0, 0, 0, 0, 2, 20, 20, 20, 20, 4, 0, 0, 20, 47, 69, 99, 83, 90, 88, 70, 42, 18, 100, 70, 55, 29, 6, 0, 0, 26, 30, 30, 99, 99, 89, 0, 0, 0, 0, 0, 0, 0, 19, 66, 96, 87, 48, 40, 37, 80, 90, 89, 0, 12, 29, 70, 68, 70, 70, 30, 20, 20, 0, 0, 0, 0, 0, 0, 0, 0, 0, 0, 0, 0, 0, 0, 0, 0, 0, 0, 0, 0]
c2.jpg:[0, 0, 0, 0, 0, 0, 0, 0, 0, 0, 0, 0, 0, 0, 0, 0, 0, 0, 0, 0, 0, 0, 2, 20, 20, 20, 20, 4, 0, 0, 0, 39, 69, 99, 83, 90, 88, 70, 70, 62, 58, 79, 89, 27, 6, 0, 0, 26, 30, 30, 60, 77, 89, 0, 0, 7, 27, 4, 0, 0, 0, 41, 66, 86, 48, 44, 55, 81, 90, 89, 0, 0, 13, 70, 30, 33, 68, 70, 48, 20, 0, 0, 0, 0, 0, 0, 0, 0, 0, 0, 0, 0, 0, 0, 0, 0, 0, 0, 0, 0]
d1.jpg:[0, 0, 0, 0, 0, 0, 0, 0, 0, 0, 0, 0, 0, 0, 0, 0, 44, 58, 60, 58, 0, 0, 12, 20, 20, 20, 4, 33, 70, 100, 20, 58, 88, 93, 90, 83, 34, 59, 97, 100, 100, 100, 58, 23, 0, 0, 23, 67, 100, 100, 97, 82, 39, 0, 0, 0, 0, 60, 98, 100, 67, 79, 89, 74, 40, 37, 53, 52, 60, 100, 0, 16, 50, 70, 70, 67, 18, 40, 70, 70, 0, 0, 0, 0, 0, 0, 0, 0, 0, 0, 0, 0, 0, 0, 0, 0, 0, 0, 0, 0]
d2.jpg:[0, 0, 0, 0, 0, 0, 0, 0, 0, 0, 0, 0, 0, 0, 0, 0, 0, 35, 60, 57, 0, 0, 12, 15, 1, 19, 4, 24, 47, 58, 20, 58, 88, 80, 7, 80, 72, 70, 70, 62, 100, 100, 58, 23, 0, 0, 23, 67, 92, 58, 80, 80, 39, 0, 0, 0, 0, 60, 100, 100, 59, 78, 89, 74, 40, 37, 53, 74, 92, 56, 0, 16, 50, 70, 70, 67, 18, 40, 70, 68, 0, 0, 0, 0, 0, 0, 0, 0, 0, 0, 0, 0, 0, 0, 0, 0, 0, 0, 0, 0]
e1.jpg:[0, 0, 0, 0, 0, 0, 0, 0, 0, 0, 0, 0, 0, 0, 0, 0, 0, 0, 0, 0, 0, 0, 12, 20, 20, 20, 20, 9, 0, 0, 0, 52, 88, 93, 90, 87, 90, 75, 56, 0, 80, 65, 60, 51, 29, 30, 53, 78, 95, 74, 100, 100, 86, 65, 32, 74, 80, 45, 39, 78, 69, 88, 94, 70, 3, 37, 40, 49, 59, 57, 0, 16, 50, 66, 59, 20, 20, 10, 0, 0, 0, 0, 0, 0, 0, 0, 0, 0, 0, 0, 0, 0, 0, 0, 0, 0, 0, 0, 0, 0]
e2.jpg:[0, 0, 0, 0, 0, 0, 0, 0, 0, 0, 0, 0, 0, 0, 0, 0, 0, 0, 0, 0, 0, 0, 0, 0, 10, 20, 20, 15, 0, 0, 0, 16, 58, 70, 74, 70, 58, 86, 61, 0, 0, 86, 65, 41, 30, 30, 41, 63, 94, 71, 0, 85, 64, 21, 47, 60, 46, 66, 40, 78, 0, 59, 88, 91, 61, 40, 40, 42, 60, 57, 60, 11, 16, 51, 69, 70, 52, 16, 0, 0, 0, 0, 0, 0, 0, 0, 0, 0, 0, 0, 0, 0, 0, 0, 0, 0, 0, 0, 0, 0]
f1.jpg:[0, 0, 0, 0, 0, 0, 0, 0, 0, 0, 0, 0, 0, 36, 60, 60, 60, 60, 60, 58, 20, 40, 70, 85, 96, 59, 60, 60, 46, 40, 90, 94, 100, 100, 95, 83, 90, 90, 33, 0, 0, 32, 80, 93, 100, 0, 0, 0, 0, 0, 0, 24, 60, 70, 79, 0, 0, 0, 0, 0, 0, 16, 40, 63, 90, 0, 0, 0, 0, 0, 0, 28, 70, 69, 69, 0, 0, 0, 0, 0, 0, 0, 0, 0, 0, 0, 0, 0, 0, 0, 0, 0, 0, 0, 0, 0, 0, 0, 0, 0]
f2.jpg:[0, 0, 0, 0, 0, 0, 0, 0, 0, 0, 0, 0, 0, 36, 60, 60, 60, 60, 58, 58, 20, 40, 70, 85, 96, 59, 53, 40, 14, 0, 90, 94, 100, 100, 95, 83, 73, 58, 22, 0, 0, 32, 80, 94, 100, 0, 0, 0, 0, 0, 0, 12, 30, 72, 100, 0, 0, 0, 0, 0, 0, 40, 100, 96, 100, 0, 0, 0, 0, 0, 0, 28, 70, 39, 20, 0, 0, 0, 0, 0, 0, 0, 0, 0, 0, 0, 0, 0, 0, 0, 0, 0, 0, 0, 0, 0, 0, 0, 0, 0]
g1.jpg:[0, 0, 0, 0, 0, 0, 0, 0, 0, 0, 0, 0, 0, 0, 0, 0, 0, 0, 0, 0, 0, 0, 0, 5, 19, 0, 0, 11, 16, 0, 20, 58, 57, 59, 85, 0, 53, 83, 94, 62, 100, 100, 49, 0, 0, 0, 23, 67, 92, 58, 60, 60, 29, 0, 0, 0, 0, 60, 100, 100, 69, 88, 72, 50, 40, 37, 77, 91, 92, 56, 0, 16, 44, 62, 70, 68, 33, 68, 100, 98, 100, 98, 64, 37, 3, 42, 11, 29, 60, 60, 9, 46, 32, 21, 56, 57, 55, 28, 0, 0]
g2.jpg:[0, 0, 0, 0, 0, 0, 0, 0, 0, 0, 0, 6, 35, 60, 59, 59, 60, 28, 8, 0, 60, 88, 50, 0, 3, 38, 40, 49, 52, 19, 69, 86, 50, 0, 0, 0, 15, 59, 100, 99, 29, 64, 64, 46, 33, 74, 79, 92, 100, 100, 0, 0, 0, 7, 30, 28, 8, 60, 100, 100, 59, 78, 58, 39, 40, 37, 77, 91, 84, 20, 0, 16, 50, 70, 70, 70, 70, 42, 16, 0, 0, 0, 0, 0, 0, 0, 0, 0, 0, 0, 0, 0, 0, 0, 0, 0, 0, 0, 0, 0]
h1.jpg:[0, 0, 0, 0, 0, 0, 0, 0, 0, 0, 60, 60, 29, 0, 0, 0, 0, 0, 0, 0, 100, 100, 50, 5, 19, 0, 15, 20, 16, 0, 97, 86, 51, 35, 86, 57, 86, 100, 80, 0, 100, 80, 49, 23, 0, 0, 23, 55, 82, 74, 99, 65, 28, 0, 0, 0, 0, 42, 79, 100, 100, 66, 27, 0, 0, 0, 0, 29, 60, 100, 69, 33, 9, 0, 0, 0, 0, 38, 70, 70, 0, 0, 0, 0, 0, 0, 0, 0, 0, 0, 0, 0, 0, 0, 0, 0, 0, 0, 0, 0]
h2.jpg:[0, 0, 0, 0, 0, 0, 0, 0, 0, 0, 60, 60, 29, 0, 0, 0, 0, 0, 0, 0, 100, 100, 50, 5, 19, 0, 15, 20, 16, 0, 100, 100, 72, 59, 86, 56, 78, 91, 84, 18, 100, 100, 50, 0, 0, 0, 0, 48, 86, 100, 100, 100, 50, 0, 0, 0, 0, 47, 81, 100, 100, 100, 50, 0, 0, 0, 0, 41, 73, 100, 70, 70, 33, 0, 0, 0, 0, 0, 18, 70, 0, 0, 0, 0, 0, 0, 0, 0, 0, 0, 0, 0, 0, 0, 0, 0, 0, 0, 0, 0]
i1.jpg:[0, 0, 0, 0, 0, 0, 0, 0, 0, 0, 60, 60, 60, 60, 60, 60, 60, 60, 60, 58, 60, 60, 60, 60, 60, 60, 60, 60, 60, 59, 100, 100, 100, 100, 100, 100, 100, 100, 100, 99, 100, 100, 100, 100, 95, 58, 60, 60, 60, 58, 60, 60, 60, 60, 60, 74, 80, 80, 80, 78, 100, 100, 100, 100, 97, 88, 90, 90, 90, 87, 70, 70, 70, 70, 70, 70, 70, 70, 70, 70, 0, 0, 0, 0, 0, 0, 0, 0, 0, 0, 0, 0, 0, 0, 0, 0, 0, 0, 0, 0]
i2.jpg:[0, 0, 0, 0, 0, 0, 0, 0, 0, 0, 60, 60, 60, 60, 58, 59, 60, 60, 60, 58, 40, 40, 40, 40, 38, 19, 20, 20, 20, 19, 70, 70, 70, 70, 70, 84, 90, 90, 90, 89, 100, 100, 100, 100, 97, 29, 30, 30, 30, 28, 100, 100, 100, 100, 97, 98, 100, 100, 100, 100, 60, 60, 60, 60, 58, 92, 100, 100, 100, 100, 70, 70, 70, 70, 69, 70, 70, 70, 70, 70, 0, 0, 0, 0, 0, 0, 0, 0, 0, 0, 0, 0, 0, 0, 0, 0, 0, 0, 0, 0]
I_1.jpg:[0, 0, 0, 0, 0, 0, 0, 0, 0, 0, 60, 60, 60, 60, 60, 60, 60, 60, 60, 58, 90, 90, 90, 90, 88, 98, 100, 100, 100, 100, 70, 70, 70, 70, 67, 93, 100, 100, 100, 100, 100, 100, 100, 100, 96, 58, 60, 60, 60, 58, 80, 80, 80, 80, 80, 97, 100, 100, 100, 100, 90, 90, 90, 90, 88, 67, 70, 70, 70, 70, 20, 20, 20, 20, 23, 56, 60, 60, 60, 58, 0, 0, 0, 0, 0, 0, 0, 0, 0, 0, 0, 0, 0, 0, 0, 0, 0, 0, 0, 0]
I_2.jpg:[0, 0, 0, 0, 0, 0, 0, 0, 0, 0, 60, 60, 60, 60, 60, 60, 60, 60, 60, 58, 60, 60, 60, 60, 62, 97, 100, 100, 100, 100, 100, 100, 100, 100, 96, 83, 90, 90, 90, 90, 100, 100, 100, 100, 98, 77, 80, 80, 80, 74, 100, 100, 100, 100, 97, 53, 60, 60, 60, 58, 70, 70, 70, 70, 69, 53, 60, 60, 60, 54, 60, 60, 60, 60, 61, 69, 70, 70, 70, 68, 0, 0, 0, 0, 0, 0, 0, 0, 0, 0, 0, 0, 0, 0, 0, 0, 0, 0, 0, 0]
k1.jpg:[0, 0, 0, 0, 0, 0, 0, 0, 0, 0, 60, 60, 29, 0, 0, 0, 0, 0, 0, 0, 100, 58, 20, 0, 0, 0, 15, 20, 16, 0, 97, 72, 33, 5, 22, 60, 61, 67, 72, 0, 100, 98, 84, 79, 96, 56, 35, 12, 0, 0, 98, 64, 44, 36, 80, 79, 44, 12, 0, 0, 69, 87, 49, 0, 4, 55, 85, 66, 32, 0, 60, 68, 33, 0, 0, 0, 55, 68, 68, 58, 0, 0, 0, 0, 0, 0, 0, 0, 0, 0, 0, 0, 0, 0, 0, 0, 0, 0, 0, 0]
k2.jpg:[0, 0, 0, 0, 0, 0, 0, 0, 0, 0, 10, 10, 5, 0, 0, 0, 0, 0, 0, 0, 100, 88, 41, 0, 0, 0, 15, 20, 20, 19, 89, 68, 33, 5, 20, 20, 79, 85, 80, 39, 80, 77, 75, 79, 95, 56, 35, 12, 0, 0, 100, 81, 51, 29, 35, 93, 47, 12, 0, 0, 69, 57, 27, 0, 6, 67, 66, 32, 0, 0, 60, 67, 32, 0, 0, 0, 47, 59, 48, 0, 0, 0, 0, 0, 0, 0, 0, 0, 0, 0, 0, 0, 0, 0, 0, 0, 0, 0, 0, 0]
m1.jpg:[0, 0, 0, 0, 0, 0, 0, 0, 0, 0, 0, 0, 0, 0, 0, 0, 0, 0, 0, 0, 4, 14, 0, 12, 19, 0, 7, 20, 20, 2, 68, 85, 56, 72, 58, 25, 66, 88, 86, 61, 82, 60, 12, 0, 50, 53, 0, 0, 69, 62, 95, 54, 0, 0, 90, 90, 0, 0, 68, 61, 100, 70, 0, 0, 60, 83, 0, 0, 68, 30, 70, 47, 0, 0, 50, 17, 0, 0, 46, 58, 0, 0, 0, 0, 0, 0, 0, 0, 0, 0, 0, 0, 0, 0, 0, 0, 0, 0, 0, 0]
m2.jpg:[0, 0, 0, 0, 0, 0, 0, 0, 0, 0, 0, 0, 0, 0, 0, 0, 0, 0, 0, 0, 20, 14, 12, 20, 19, 0, 7, 20, 20, 2, 100, 85, 75, 57, 49, 26, 69, 85, 86, 61, 98, 60, 12, 0, 90, 86, 17, 0, 69, 63, 63, 54, 0, 0, 87, 42, 0, 0, 70, 100, 100, 70, 0, 0, 88, 88, 0, 0, 69, 70, 70, 47, 0, 0, 58, 18, 0, 0, 47, 13, 0, 0, 0, 0, 0, 0, 0, 0, 0, 0, 0, 0, 0, 0, 0, 0, 0, 0, 0, 0]
n1.jpg:[0, 0, 0, 0, 0, 0, 0, 0, 0, 0, 0, 0, 0, 0, 0, 0, 0, 0, 0, 0, 20, 20, 10, 5, 19, 0, 15, 20, 16, 0, 100, 100, 78, 67, 86, 56, 78, 91, 84, 18, 100, 100, 58, 23, 0, 0, 0, 60, 92, 58, 99, 82, 39, 0, 0, 0, 0, 55, 98, 100, 59, 79, 44, 0, 0, 0, 0, 29, 60, 100, 70, 69, 33, 0, 0, 0, 0, 10, 33, 70, 0, 47, 27, 0, 0, 0, 0, 0, 0, 0, 0, 0, 0, 0, 0, 0, 0, 0, 0, 0]
n2.jpg:[0, 0, 0, 0, 0, 0, 0, 0, 0, 0, 0, 0, 0, 0, 0, 0, 0, 0, 0, 0, 20, 20, 4, 12, 20, 20, 20, 15, 0, 0, 100, 95, 72, 46, 68, 90, 89, 88, 54, 0, 100, 96, 45, 11, 0, 0, 32, 76, 68, 0, 100, 100, 30, 0, 0, 0, 28, 63, 30, 27, 100, 100, 30, 0, 0, 0, 20, 57, 81, 16, 70, 68, 19, 0, 0, 0, 26, 66, 61, 0, 0, 0, 0, 0, 0, 0, 0, 0, 0, 0, 0, 0, 0, 0, 0, 0, 0, 0, 0, 0]
o1.jpg:[0, 0, 0, 0, 0, 0, 0, 0, 0, 0, 0, 0, 0, 0, 0, 0, 0, 0, 0, 0, 0, 0, 12, 20, 20, 20, 20, 9, 0, 0, 0, 52, 76, 90, 90, 87, 90, 75, 60, 18, 80, 64, 29, 0, 0, 0, 23, 67, 96, 80, 60, 84, 48, 0, 0, 0, 0, 47, 68, 27, 68, 85, 90, 74, 40, 37, 77, 89, 86, 65, 0, 16, 50, 70, 70, 68, 33, 20, 16, 0, 0, 0, 0, 0, 0, 0, 0, 0, 0, 0, 0, 0, 0, 0, 0, 0, 0, 0, 0, 0]
o2.jpg:[0, 0, 0, 0, 0, 0, 0, 0, 0, 0, 0, 0, 0, 0, 0, 0, 0, 0, 0, 0, 0, 0, 0, 12, 20, 20, 13, 0, 0, 0, 18, 62, 70, 46, 68, 88, 83, 50, 17, 0, 99, 63, 35, 11, 0, 14, 40, 66, 90, 0, 100, 98, 29, 0, 0, 0, 40, 100, 90, 0, 70, 68, 79, 54, 39, 58, 76, 68, 62, 0, 0, 0, 16, 51, 70, 70, 45, 0, 0, 0, 0, 0, 0, 0, 0, 0, 0, 0, 12, 53, 0, 0, 0, 0, 0, 0, 0, 0, 0, 0]
p1.jpg:[0, 0, 0, 0, 0, 0, 0, 0, 0, 0, 0, 0, 0, 0, 0, 0, 0, 0, 0, 0, 0, 14, 10, 5, 19, 0, 0, 0, 0, 0, 69, 87, 78, 67, 86, 56, 64, 70, 60, 18, 100, 98, 57, 23, 0, 0, 23, 55, 78, 58, 100, 46, 14, 0, 0, 0, 0, 34, 63, 100, 99, 88, 44, 10, 38, 0, 46, 74, 86, 70, 100, 100, 50, 6, 23, 56, 60, 35, 16, 0, 99, 97, 49, 0, 0, 0, 0, 0, 0, 0, 60, 22, 5, 0, 0, 0, 0, 0, 0, 0]
p2.jpg:[0, 0, 0, 0, 0, 0, 0, 0, 0, 0, 0, 0, 0, 0, 0, 0, 0, 0, 0, 0, 0, 0, 0, 5, 20, 20, 20, 9, 0, 0, 60, 62, 70, 67, 88, 38, 78, 71, 60, 18, 80, 90, 58, 23, 0, 0, 0, 48, 86, 100, 60, 84, 48, 0, 0, 0, 0, 47, 77, 78, 99, 97, 90, 74, 40, 37, 77, 91, 92, 57, 100, 100, 60, 32, 70, 70, 70, 42, 16, 0, 10, 48, 27, 0, 0, 0, 0, 0, 0, 0, 60, 60, 27, 0, 0, 0, 0, 0, 0, 0]
q1.jpg:[0, 0, 0, 0, 0, 0, 0, 0, 0, 0, 0, 0, 0, 0, 0, 0, 0, 0, 0, 0, 0, 0, 12, 20, 20, 20, 4, 11, 20, 19, 20, 43, 84, 93, 90, 86, 72, 83, 100, 99, 30, 48, 40, 23, 0, 0, 23, 67, 100, 100, 78, 41, 15, 0, 0, 0, 0, 60, 100, 100, 68, 85, 91, 72, 38, 0, 69, 91, 100, 100, 0, 16, 50, 58, 23, 54, 29, 68, 100, 100, 0, 0, 0, 0, 0, 0, 0, 60, 96, 100, 0, 0, 0, 0, 0, 0, 0, 5, 22, 60]
q2.jpg:[0, 0, 0, 0, 0, 0, 0, 0, 0, 0, 0, 0, 0, 0, 0, 0, 0, 0, 0, 0, 0, 0, 12, 15, 1, 19, 4, 0, 6, 19, 20, 58, 88, 88, 60, 80, 72, 70, 70, 89, 80, 96, 58, 23, 0, 0, 23, 46, 56, 54, 79, 93, 50, 0, 0, 0, 0, 16, 40, 78, 69, 88, 64, 39, 40, 37, 77, 90, 80, 56, 0, 16, 50, 70, 70, 68, 33, 68, 100, 98, 0, 0, 0, 0, 0, 0, 0, 60, 92, 60, 0, 0, 0, 0, 0, 0, 0, 36, 60, 54]
r1.jpg:[0, 0, 0, 0, 0, 0, 0, 0, 0, 0, 0, 0, 0, 0, 0, 0, 0, 0, 0, 0, 0, 2, 20, 20, 0, 0, 18, 20, 20, 19, 60, 56, 86, 84, 70, 65, 87, 90, 90, 89, 80, 79, 80, 75, 30, 30, 3, 0, 0, 0, 100, 93, 56, 60, 0, 0, 0, 0, 0, 0, 60, 59, 96, 100, 0, 0, 0, 0, 0, 0, 70, 70, 69, 70, 0, 0, 0, 0, 0, 0, 0, 0, 0, 0, 0, 0, 0, 0, 0, 0, 0, 0, 0, 0, 0, 0, 0, 0, 0, 0]
r2.jpg:[0, 0, 0, 0, 0, 0, 0, 0, 0, 0, 0, 0, 0, 0, 0, 0, 0, 0, 0, 0, 0, 0, 0, 0, 0, 0, 18, 20, 20, 19, 70, 70, 70, 70, 70, 67, 44, 40, 90, 89, 80, 82, 100, 100, 30, 30, 3, 0, 0, 0, 80, 80, 96, 100, 0, 0, 0, 0, 0, 0, 70, 68, 60, 60, 0, 0, 0, 0, 0, 0, 60, 61, 70, 70, 0, 0, 0, 0, 0, 0, 0, 0, 0, 0, 0, 0, 0, 0, 0, 0, 0, 0, 0, 0, 0, 0, 0, 0, 0, 0]
s1.jpg:[0, 0, 0, 0, 0, 0, 0, 0, 0, 0, 0, 0, 0, 0, 0, 0, 0, 0, 0, 0, 0, 11, 20, 20, 20, 20, 20, 20, 11, 0, 68, 77, 91, 88, 90, 90, 88, 94, 83, 62, 79, 46, 37, 77, 41, 30, 30, 32, 30, 30, 0, 0, 5, 30, 66, 85, 100, 84, 57, 27, 90, 90, 83, 39, 40, 46, 59, 60, 71, 95, 20, 49, 69, 70, 70, 70, 70, 70, 46, 20, 0, 0, 0, 0, 0, 0, 0, 0, 0, 0, 0, 0, 0, 0, 0, 0, 0, 0, 0, 0]
s2.jpg:[0, 0, 0, 0, 0, 0, 0, 0, 0, 0, 0, 0, 0, 0, 0, 0, 0, 0, 0, 0, 0, 0, 12, 20, 20, 20, 20, 20, 16, 0, 0, 52, 76, 90, 90, 90, 90, 91, 92, 54, 0, 46, 44, 30, 33, 77, 80, 86, 92, 54, 30, 31, 59, 80, 78, 28, 30, 69, 96, 78, 60, 78, 58, 39, 40, 37, 77, 91, 94, 70, 20, 58, 70, 70, 70, 68, 33, 20, 16, 0, 0, 0, 0, 0, 0, 0, 0, 0, 0, 0, 0, 0, 0, 0, 0, 0, 0, 0, 0, 0]
t1.jpg:[0, 0, 0, 0, 0, 0, 0, 0, 0, 0, 0, 0, 10, 12, 60, 60, 5, 0, 0, 0, 0, 10, 99, 96, 100, 99, 27, 20, 2, 0, 60, 62, 96, 100, 60, 56, 88, 90, 7, 0, 0, 5, 57, 57, 80, 80, 8, 0, 60, 54, 0, 10, 100, 100, 80, 80, 8, 0, 0, 0, 0, 10, 100, 100, 100, 100, 43, 40, 2, 0, 0, 6, 69, 70, 70, 69, 70, 70, 4, 0, 0, 0, 0, 0, 0, 0, 0, 0, 0, 0, 0, 0, 0, 0, 0, 0, 0, 0, 0, 0]
t2.jpg:[0, 0, 0, 0, 0, 0, 0, 0, 0, 0, 0, 0, 36, 60, 60, 60, 60, 29, 0, 0, 20, 20, 68, 100, 96, 59, 60, 40, 20, 19, 90, 90, 96, 100, 99, 100, 100, 85, 90, 89, 0, 0, 48, 80, 80, 80, 80, 40, 0, 0, 0, 0, 48, 80, 80, 78, 80, 38, 0, 0, 0, 0, 60, 100, 96, 56, 60, 49, 40, 36, 0, 0, 42, 70, 70, 70, 70, 70, 70, 68, 0, 0, 0, 0, 0, 0, 0, 0, 0, 0, 0, 0, 0, 0, 0, 0, 0, 0, 0, 0]
u1.jpg:[0, 0, 0, 0, 0, 0, 0, 0, 0, 0, 0, 0, 0, 0, 0, 0, 0, 0, 0, 0, 20, 20, 10, 0, 0, 0, 0, 11, 16, 0, 98, 70, 30, 0, 0, 0, 0, 60, 84, 18, 100, 99, 50, 0, 0, 0, 0, 48, 86, 100, 59, 82, 48, 0, 0, 0, 0, 47, 81, 100, 98, 65, 28, 9, 40, 37, 77, 91, 92, 56, 20, 58, 65, 51, 24, 65, 33, 48, 70, 68, 0, 0, 0, 0, 0, 0, 0, 0, 0, 0, 0, 0, 0, 0, 0, 0, 0, 0, 0, 0]
u2.jpg:[0, 0, 0, 0, 0, 0, 0, 0, 0, 0, 0, 0, 0, 0, 0, 0, 0, 0, 0, 0, 20, 20, 10, 0, 0, 0, 0, 0, 6, 19, 100, 100, 50, 0, 0, 0, 0, 36, 72, 99, 29, 80, 50, 0, 0, 0, 0, 60, 100, 100, 79, 93, 50, 0, 0, 0, 0, 60, 98, 100, 98, 74, 52, 39, 40, 37, 77, 66, 60, 100, 19, 52, 39, 32, 70, 68, 33, 46, 70, 70, 0, 0, 0, 0, 0, 0, 0, 0, 0, 0, 0, 0, 0, 0, 0, 0, 0, 0, 0, 0]
v1.jpg:[0, 0, 0, 0, 0, 0, 0, 0, 0, 0, 0, 0, 0, 0, 0, 0, 0, 0, 0, 0, 20, 20, 4, 0, 0, 0, 0, 5, 20, 19, 40, 53, 28, 7, 0, 0, 7, 35, 90, 89, 0, 49, 87, 38, 0, 0, 23, 61, 68, 0, 0, 24, 84, 79, 40, 40, 83, 77, 26, 0, 0, 0, 15, 71, 66, 64, 73, 14, 0, 0, 0, 0, 0, 14, 48, 50, 14, 0, 0, 0, 0, 0, 0, 0, 0, 0, 0, 0, 0, 0, 0, 0, 0, 0, 0, 0, 0, 0, 0, 0]
v2.jpg:[0, 0, 0, 0, 0, 0, 0, 0, 0, 0, 0, 0, 0, 0, 0, 0, 0, 0, 0, 0, 20, 20, 4, 0, 0, 0, 0, 5, 20, 19, 88, 87, 40, 7, 0, 0, 7, 31, 57, 39, 0, 90, 85, 32, 0, 0, 23, 65, 89, 0, 0, 22, 67, 75, 40, 14, 56, 78, 26, 0, 0, 0, 15, 71, 67, 49, 45, 14, 0, 0, 0, 0, 0, 14, 67, 68, 14, 0, 0, 0, 0, 0, 0, 0, 5, 6, 0, 0, 0, 0, 0, 0, 0, 0, 0, 0, 0, 0, 0, 0]
w1.jpg:[0, 0, 0, 0, 0, 0, 0, 0, 0, 0, 0, 0, 0, 0, 0, 0, 0, 0, 0, 0, 20, 12, 0, 0, 0, 0, 0, 0, 10, 6, 100, 60, 0, 11, 70, 66, 12, 0, 57, 64, 44, 72, 12, 35, 44, 73, 42, 23, 66, 39, 23, 79, 32, 97, 53, 55, 95, 10, 46, 17, 0, 44, 60, 50, 0, 0, 85, 76, 32, 0, 0, 10, 53, 59, 0, 0, 60, 46, 0, 0, 0, 0, 0, 0, 0, 0, 0, 0, 0, 0, 0, 0, 0, 0, 0, 0, 0, 0, 0, 41]
w2.jpg:[0, 0, 0, 0, 0, 0, 0, 0, 0, 0, 0, 0, 0, 0, 0, 0, 0, 0, 0, 0, 20, 12, 0, 0, 7, 7, 0, 0, 10, 19, 98, 54, 0, 11, 58, 62, 12, 0, 50, 89, 40, 60, 12, 40, 68, 47, 35, 31, 80, 22, 23, 86, 40, 92, 53, 18, 86, 40, 88, 23, 0, 49, 74, 84, 0, 0, 86, 59, 48, 0, 0, 10, 46, 58, 0, 0, 60, 52, 10, 0, 0, 0, 0, 0, 0, 0, 0, 0, 0, 0, 0, 0, 0, 0, 0, 0, 0, 0, 0, 0]
x1.jpg:[0, 0, 0, 0, 0, 0, 0, 0, 0, 0, 0, 0, 0, 0, 0, 0, 0, 0, 0, 0, 20, 20, 10, 0, 0, 0, 0, 11, 16, 0, 40, 82, 78, 50, 0, 0, 0, 60, 80, 0, 0, 21, 72, 78, 0, 0, 47, 41, 24, 0, 0, 0, 36, 55, 80, 75, 20, 0, 0, 0, 0, 65, 75, 54, 20, 20, 73, 90, 72, 0, 60, 66, 32, 0, 0, 0, 16, 48, 68, 58, 0, 0, 0, 0, 0, 0, 0, 0, 0, 0, 0, 0, 0, 0, 0, 0, 0, 0, 0, 0]
x2.jpg:[0, 0, 0, 0, 0, 0, 0, 0, 0, 0, 0, 0, 0, 0, 0, 0, 0, 0, 0, 0, 20, 20, 10, 0, 0, 0, 0, 11, 20, 19, 40, 78, 74, 50, 0, 0, 46, 80, 88, 39, 0, 0, 60, 91, 77, 0, 47, 41, 24, 0, 0, 0, 36, 58, 97, 76, 39, 14, 0, 0, 0, 30, 76, 79, 20, 18, 55, 59, 48, 0, 60, 68, 43, 16, 0, 0, 0, 34, 60, 58, 0, 0, 0, 0, 0, 0, 0, 0, 0, 0, 0, 0, 0, 0, 0, 0, 0, 0, 0, 0]
y1.jpg:[0, 0, 0, 0, 0, 0, 0, 0, 0, 0, 0, 0, 0, 0, 0, 0, 0, 0, 0, 0, 20, 20, 4, 0, 0, 0, 0, 5, 20, 19, 88, 87, 40, 7, 0, 0, 7, 40, 94, 87, 0, 72, 80, 32, 0, 0, 40, 98, 89, 0, 0, 0, 0, 53, 49, 51, 85, 83, 26, 0, 0, 0, 0, 46, 77, 97, 86, 54, 0, 0, 0, 0, 0, 0, 60, 84, 40, 0, 0, 0, 0, 45, 50, 75, 96, 64, 6, 0, 0, 0, 0, 54, 60, 60, 32, 6, 0, 0, 0, 0]
y2.jpg:[0, 0, 0, 0, 0, 0, 0, 0, 0, 0, 0, 0, 0, 0, 0, 0, 0, 0, 0, 0, 20, 20, 4, 0, 0, 0, 0, 5, 18, 0, 88, 87, 40, 7, 0, 0, 0, 30, 94, 48, 0, 27, 83, 54, 14, 0, 12, 43, 89, 0, 0, 0, 63, 88, 60, 52, 76, 65, 26, 0, 0, 0, 0, 45, 39, 56, 83, 43, 0, 0, 0, 0, 0, 0, 54, 93, 69, 0, 0, 0, 0, 45, 50, 75, 68, 40, 6, 0, 0, 0, 0, 54, 60, 60, 32, 6, 0, 0, 0, 0]
z1.jpg:[0, 0, 0, 0, 0, 0, 0, 0, 0, 0, 0, 0, 0, 0, 0, 0, 0, 0, 0, 0, 20, 20, 20, 20, 20, 20, 20, 20, 20, 19, 90, 90, 90, 90, 90, 87, 90, 100, 100, 99, 0, 0, 0, 8, 30, 30, 81, 57, 30, 30, 0, 22, 27, 45, 100, 75, 40, 13, 0, 0, 60, 66, 58, 56, 60, 39, 9, 20, 40, 36, 60, 60, 66, 70, 69, 20, 51, 62, 70, 68, 0, 0, 0, 0, 0, 0, 0, 0, 0, 0, 0, 0, 0, 0, 0, 0, 0, 0, 0, 0]
z2.jpg:[0, 0, 0, 0, 0, 0, 0, 0, 0, 0, 0, 0, 0, 0, 0, 0, 0, 0, 0, 0, 20, 20, 20, 15, 1, 19, 20, 9, 6, 19, 40, 78, 90, 66, 7, 81, 90, 75, 72, 99, 0, 0, 0, 0, 8, 74, 93, 89, 70, 30, 0, 22, 60, 78, 80, 73, 40, 13, 0, 0, 60, 66, 88, 84, 60, 40, 40, 40, 40, 36, 60, 60, 66, 70, 70, 70, 70, 70, 70, 68, 0, 0, 0, 0, 0, 0, 0, 0, 0, 0, 0, 0, 0, 0, 0, 0, 0, 0, 0, 0]
